"SNPs.info.pos" <-
structure(list(snp = structure(as.integer(c(1, 12, 23, 30, 31, 
32, 33, 34, 35, 2, 3, 4, 5, 6, 7, 8, 9, 10, 11, 13, 14, 15, 16, 
17, 18, 19, 20, 21, 22, 24, 25, 26, 27, 28, 29)), .Label = c("snp10001", 
"snp100010", "snp100011", "snp100012", "snp100013", "snp100014", 
"snp100015", "snp100016", "snp100017", "snp100018", "snp100019", 
"snp10002", "snp100020", "snp100021", "snp100022", "snp100023", 
"snp100024", "snp100025", "snp100026", "snp100027", "snp100028", 
"snp100029", "snp10003", "snp100030", "snp100031", "snp100032", 
"snp100033", "snp100034", "snp100035", "snp10004", "snp10005", 
"snp10006", "snp10007", "snp10008", "snp10009"), class = "factor"), 
    chr = structure(as.integer(c(1, 1, 1, 1, 1, 1, 1, 1, 1, 1, 
    2, 2, 2, 2, 2, 3, 3, 3, 3, 3, 3, 3, 4, 4, 4, 4, 4, 4, 4, 
    4, 4, 4, 4, 4, 4)), .Label = c("Chr1", "Chr2", "Chr3", "Chr4"
    ), class = "factor"), pos = c(2987398, 1913558, 1982067, 
    447403, 2212031, 2515720, 1306743, 2063658, 3403359, 1857134, 
    2439115, 1978467, 1641528, 3852933, 1490243, 1146474, 986342, 
    3790658, 3096200, 531006, 1470689, 757945, 1889538, 3895592, 
    2623465, 1913775, 384855, 3275353, 1218029, 2876775, 2119508, 
    3018951, 2031700, 2941667, 1920963)), .Names = c("snp", "chr", 
"pos"), row.names = c("1", "2", "3", "4", "5", "6", "7", "8", 
"9", "10", "11", "12", "13", "14", "15", "16", "17", "18", "19", 
"20", "21", "22", "23", "24", "25", "26", "27", "28", "29", "30", 
"31", "32", "33", "34", "35"), class = "data.frame")
