"SNPs" <-
structure(list(id = as.integer(c(1, 2, 3, 4, 5, 6, 7, 8, 9, 10, 
11, 12, 13, 14, 15, 16, 17, 18, 19, 20, 21, 22, 23, 24, 25, 26, 
27, 28, 29, 30, 31, 32, 33, 34, 35, 36, 37, 38, 39, 40, 41, 42, 
43, 44, 45, 46, 47, 48, 49, 50, 51, 52, 53, 54, 55, 56, 57, 58, 
59, 60, 61, 62, 63, 64, 65, 66, 67, 68, 69, 70, 71, 72, 73, 74, 
75, 76, 77, 78, 79, 80, 81, 82, 83, 84, 85, 86, 87, 88, 89, 90, 
91, 92, 93, 94, 95, 96, 97, 98, 99, 100, 101, 102, 103, 104, 
105, 106, 107, 108, 109, 110, 111, 112, 113, 114, 115, 116, 117, 
118, 119, 120, 121, 122, 123, 124, 125, 126, 127, 128, 129, 130, 
131, 132, 133, 134, 135, 136, 137, 138, 139, 140, 141, 142, 143, 
144, 145, 146, 147, 148, 149, 150, 151, 152, 153, 154, 155, 156, 
157)), casco = c(1, 1, 1, 1, 1, 1, 1, 1, 1, 1, 1, 1, 1, 1, 1, 
1, 1, 1, 1, 1, 1, 1, 1, 1, 1, 1, 1, 1, 1, 1, 1, 1, 1, 1, 1, 1, 
1, 1, 1, 1, 1, 1, 1, 1, 1, 1, 1, 1, 1, 1, 1, 1, 1, 1, 1, 1, 1, 
1, 1, 1, 1, 1, 1, 1, 1, 1, 1, 1, 1, 1, 1, 1, 1, 1, 1, 1, 1, 1, 
1, 1, 1, 1, 1, 1, 1, 1, 1, 1, 1, 1, 1, 1, 1, 1, 1, 1, 1, 1, 1, 
1, 1, 1, 1, 1, 1, 1, 1, 1, 1, 1, 0, 0, 0, 0, 0, 0, 0, 0, 0, 0, 
0, 0, 0, 0, 0, 0, 0, 0, 0, 0, 0, 0, 0, 0, 0, 0, 0, 0, 0, 0, 0, 
0, 0, 0, 0, 0, 0, 0, 0, 0, 0, 0, 0, 0, 0, 0, 0), sex = structure(as.integer(c(2, 
2, 2, 1, 2, 2, 2, 1, 1, 2, 2, 1, 1, 2, 1, 2, 1, 2, 1, 2, 1, 1, 
1, 2, 2, 2, 1, 2, 1, 1, 2, 2, 1, 2, 2, 2, 1, 2, 2, 1, 2, 2, 2, 
1, 2, 1, 1, 2, 2, 2, 1, 1, 1, 1, 2, 1, 1, 1, 1, 1, 1, 2, 2, 1, 
2, 2, 1, 1, 1, 2, 2, 2, 1, 1, 1, 1, 1, 2, 2, 1, 1, 1, 1, 2, 1, 
1, 1, 2, 2, 1, 2, 2, 2, 2, 2, 2, 2, 1, 1, 1, 2, 1, 2, 1, 2, 1, 
2, 2, 1, 2, 1, 2, 2, 1, 2, 2, 2, 1, 1, 2, 1, 2, 2, 1, 1, 1, 2, 
2, 2, 2, 2, 2, 1, 1, 1, 2, 1, 1, 1, 1, 2, 1, 2, 2, 2, 1, 2, 2, 
2, 1, 2, 2, 2, 1, 2, 1, 1)), .Label = c("Male", "Female"), class = "factor"), 
    blood.pre = c(13.7, 12.7, 12.9, 14.6, 13.4, 11.3, 11.9, 12.4, 
    14.5, 12.2, 11.1, 13.2, 15.1, 12.3, 11, 12, 13.9, 11.8, 13.6, 
    11.7, 12.1, 12.9, 13.4, 13.1, 12.7, 11.3, 13.8, 14, 12.8, 
    12.1, 13.9, 13.6, 13.8, 13.8, 12.7, 13.8, 11.7, 12.8, 11.7, 
    12.5, 11.2, 12.3, 12.9, 12.4, 12.5, 11.9, 11.7, 13, 13.1, 
    11, 11.9, 12.3, 12.1, 13.7, 12.4, 12.6, 13.4, 13.3, 13, 12.8, 
    12.3, 13.9, 12, 12.5, 12.5, 13.1, 12.7, 12.4, 13.1, 11.9, 
    14.2, 15.2, 13.8, 12.9, 10.8, 13.4, 15.2, 11.6, 13.8, 13.2, 
    13.9, 15.2, 13, 11.6, 14, 13.6, 13.9, 12.5, 14.1, 12.1, 14.1, 
    12.9, 13.6, 11.7, 14.4, 13.8, 11.4, 12.4, 13, 11.8, 11.9, 
    11.5, 14.1, 13.2, 13.5, 15, 12.8, 13.1, 12.7, 15, 14.9, 13.7, 
    12.7, 11.9, 13.9, 12.8, 14.3, 13.1, 13.9, 13.1, 12.2, 12.2, 
    12.3, 13.2, 13, 13.1, 13.6, 14.6, 14.2, 13.1, 15.1, 13.6, 
    11.8, 12.8, 12.5, 12.6, 12.3, 11.7, 13, 14.3, 11.8, 13, 13, 
    13.1, 13.5, 12, 13.8, 13.4, 12.9, 13.6, 14.3, 14.1, 12.6, 
    13.6, 12.8, 11.1, 13.5), protein = c(75640.523, 28688.215, 
    17279.591, 27253.988, 38066.569, 9872.46, 11132.903, 29973.431, 
    31114.294, 41768.551, 28543.861, 5018.812, 24497.292, 26806.956, 
    21046.765, 23633.86, 15918.38, 24617.42, 52031.42, 100761.4, 
    51512.32, 78904.46, 40523.77, 42556.46, 68609.87, 92728.95, 
    66205.61, 92614.2, 24441.413, 34759.02, 49911.3, 54359.18, 
    80773.23, 36327.25, 38332.62, 1615.229, 5707, 10661.248, 
    74966.958, 123334.051, 27926.123, 19044.707, 36305.392, 23358.728, 
    40786.05, 20215.439, 16585.02, 34140.448, 17387.705, 33860.403, 
    34660.66, 37781.028, 64065.219, 30279.832, 54774.46, 104938.404, 
    57118.61, 26099.165, 21105.036, 29139.667, 21094.725, 65277.924, 
    67345.915, 46026.201, 34608.906, 64588.593, 31814.434, 65195.369, 
    64530.805, 36309.53, 48915.611, 66875.354, 67572.94, 54682.046, 
    31071.443, 42364.907, 29370.819, 58624.352, 56557.356, 50196.341, 
    97563.895, 78234.146, 77400.679, 62415.96, 50859.77, 31542.004, 
    14490.361, 29474.013, 8393.596, 93116.519, 66631.818, 60696.146, 
    72790.388, 74373.933, 63841.474, 61835.399, 31438.811, 13553.366, 
    42373.162, 61251.687, 33200.442, 26699.855, 49167.859, 73586.738, 
    27269.806, 24066.689, 17251.81, 54578.806, 43947.831, 3604.205, 
    28095.17, 24104.02, 25601.29, 30555.66, 19492.97, 18291.34, 
    21364.15, 28673.85, 38652.4, 51097.92, 24752.52, 24507.11, 
    14446.17, 29028.5, 45418.76, 68118.22, 12143.12, 12922.12, 
    26995.87, 66222.08, 6365.48, 25300.88, 67253.25, 53381.98, 
    23511.92, 83470.57, 66114.22, 53601.33, 42122.4, 41022.25, 
    50971.03, 58445.56, 81160.35, 28886.72, 70010.04, 63611.93, 
    72174.24, 58326.91, 41654.3, 39197.31, 42099.95, 36468.51, 
    39796.81, 30646.26, 30501.83, 13441.88, 47078.16), snp10001 = structure(as.integer(c(3, 
    3, 3, 2, 3, 3, 3, 3, 2, 3, 2, 1, 2, 3, 3, 3, 2, 3, 3, 3, 
    3, 1, 2, 3, 3, 2, 3, 3, 3, 1, 3, 3, 2, 3, 2, 2, 1, 2, 2, 
    3, 3, 3, 3, 2, 3, 1, 2, 2, 2, 3, 3, 2, 2, 3, 3, 3, 3, 3, 
    2, 3, 3, 3, 3, 3, 3, 3, 1, 3, 3, 2, 2, 3, 3, 2, 3, 3, 3, 
    3, 3, 2, 2, 3, 3, 3, 1, 3, 3, 1, 1, 2, 3, 3, 2, 3, 3, 3, 
    3, 3, 2, 3, 2, 2, 2, 3, 3, 1, 2, 3, 3, 2, 3, 2, 2, 3, 2, 
    2, 3, 3, 2, 2, 2, 3, 1, 3, 3, 3, 3, 3, 2, 3, 2, 1, 3, 2, 
    2, 3, 2, 3, 3, 2, 2, 2, 3, 3, 3, 3, 2, 3, 3, 3, 3, 2, 3, 
    2, 2, 2, 2)), .Label = c("CC", "CT", "TT"), class = "factor"), 
    snp10002 = structure(as.integer(c(3, 2, 3, 3, 2, 3, 2, 2, 
    3, 2, 2, 3, 3, 2, 2, 3, 3, 2, 3, 2, 3, 3, 3, 2, 2, 3, 2, 
    2, 2, 3, 2, 2, 2, 1, 3, 3, 3, 2, 2, 3, 2, 3, 2, 2, 2, 3, 
    2, 3, 3, 2, 3, 2, 3, 3, 2, 3, 2, 3, 2, 3, 3, 2, 2, 2, 2, 
    1, 3, 3, 3, 2, 3, 3, 2, 3, 1, 2, 3, 1, 2, 3, 2, 2, 3, 2, 
    3, 3, 2, 3, 3, 3, 3, 1, 2, 3, 3, 2, 3, 3, 2, 2, 2, 3, 3, 
    2, 2, 3, 2, 2, 2, 2, 3, 2, 2, 2, 2, 2, 3, 2, 3, 3, 2, 3, 
    3, 3, 2, 2, 3, 2, 2, 3, 2, 3, 3, 3, 2, 2, 2, 3, 3, 3, 3, 
    3, 3, 2, 2, 3, 2, 3, 2, 2, 3, 2, 2, 2, 2, 2, 3)), .Label = c("AA", 
    "AC", "CC"), class = "factor"), snp10003 = structure(as.integer(c(1, 
    1, 1, 1, 1, 1, 1, 1, 1, 1, 1, 1, 1, 1, 1, 1, 1, 1, 1, 1, 
    1, 1, 1, 1, 1, 1, NA, 1, 1, 1, 1, 1, 1, NA, 1, 1, 1, 1, 1, 
    1, 1, 1, 1, 1, NA, 1, 1, 1, 1, 1, 1, 1, NA, 1, 1, 1, 1, 1, 
    1, 1, 1, 1, 1, 1, 1, NA, 1, 1, 1, 1, 1, 1, 1, NA, NA, 1, 
    1, NA, 1, 1, 1, 1, NA, 1, 1, 1, 1, 1, 1, 1, 1, NA, 1, 1, 
    1, 1, 1, 1, 1, 1, 1, 1, 1, 1, 1, 1, 1, 1, 1, 1, 1, 1, 1, 
    1, 1, 1, 1, 1, 1, 1, 1, 1, 1, 1, 1, 1, 1, 1, 1, 1, 1, 1, 
    1, 1, 1, NA, NA, 1, 1, 1, 1, 1, 1, 1, 1, 1, 1, 1, 1, NA, 
    1, 1, 1, 1, 1, 1, 1)), .Label = "GG", class = "factor"), 
    snp10004 = structure(as.integer(c(1, 1, 1, 1, 1, 1, 1, 1, 
    1, 1, 1, 1, 1, 1, 1, 1, 1, 1, 1, 1, 1, 1, 1, 1, 1, 1, 1, 
    1, 1, 1, 1, 1, 1, 1, 1, 1, 1, 1, 1, 1, 1, 1, 1, 1, 1, 1, 
    1, 1, 1, 1, 1, 1, 1, 1, 1, NA, 1, 1, 1, 1, 1, 1, 1, 1, 1, 
    1, 1, 1, 1, 1, 1, 1, 1, 1, 1, 1, 1, 1, 1, 1, 1, 1, 1, 1, 
    1, 1, 1, 1, 1, 1, 1, 1, 1, 1, 1, 1, 1, 1, 1, 1, 1, 1, 1, 
    1, 1, 1, 1, 1, 1, 1, 1, 1, 1, 1, 1, 1, 1, 1, 1, 1, 1, 1, 
    1, 1, 1, 1, 1, 1, 1, 1, 1, 1, 1, 1, 1, 1, 1, 1, 1, 1, 1, 
    1, 1, 1, 1, 1, 1, 1, 1, 1, 1, 1, 1, 1, 1, 1, 1)), .Label = "GG", class = "factor"), 
    snp10005 = structure(as.integer(c(3, 2, 3, 3, 3, 3, 2, 2, 
    3, 2, 2, 3, 3, 2, 2, 3, 3, 2, 3, 2, 3, 3, 3, 3, 2, 3, 2, 
    2, 2, 3, 2, 2, 2, 3, 3, 3, 3, 2, 2, 3, 3, 3, 2, 2, 2, 3, 
    3, 3, 3, 2, 3, 3, 3, 3, 2, 3, 2, 3, 2, 3, 3, 2, 2, 2, 2, 
    1, 3, 3, 3, 2, 3, 3, 2, 3, 1, 2, 3, 2, 2, 3, 2, 2, 3, 2, 
    3, 3, 2, 3, 3, 3, 3, 1, 2, 3, 3, 2, 3, 2, 2, 2, 3, 3, 3, 
    2, 2, 3, 2, 2, 2, 3, 3, 2, 2, 2, 2, 2, 3, 2, 3, 3, 2, 3, 
    3, 3, 3, 2, 3, 2, 3, 3, 2, 3, 3, 3, 2, 2, 2, 3, 3, 3, 3, 
    3, 3, 2, 2, 3, 2, 3, 3, 3, 3, 2, 2, 2, 2, 2, 2)), .Label = c("AA", 
    "AG", "GG"), class = "factor"),